""" 
 This is a basic channel data set based on a profile from the channel flow DNS of Moser et al. at Re_tau=590. The tke, epsilon, and velocity gradient are from a k-epsilon RANS of the same flow.  The Reynolds stresses are from the DNS. Reference: Moser, R. D., Kim, J., & Mansour, N. N. (1999). Direct numerical simulation of turbulent channel flow up to Re= 590. Phys. Fluids, 11(4), 943-945. Available online at: http://turbulence.ices.utexas.edu/MKM_1999.html
""" 
tke, epsilon, grad_u_00, grad_u_01, grad_u_02, grad_u_10, grad_u_11, grad_u_12, grad_u_20, grad_u_21, grad_u_22, uu_00, uu_01, uu_02, uu_10, uu_11, uu_12, uu_20, uu_21, uu_22
1.21550e+00 5.37750e+02 2.08210e-04 4.83700e+02 -9.29010e-01 -3.53250e-07 -3.23830e-04 2.39190e-05 4.62070e-08 1.54740e-04 1.48030e-06 3.97227e-28 -1.73704e-32 -1.04976e-30 -1.73704e-32 2.75905e-29 -6.37627e-32 -1.04976e-30 -6.37627e-32 4.34346e-28
1.57840e+00 2.23040e+02 5.46370e-04 3.96420e+02 -1.17110e+00 1.84170e-07 -4.77610e-04 2.16640e-05 2.99730e-07 8.20910e-05 6.18600e-06 2.06153e-01 -2.17560e-03 -2.34314e-04 -2.17560e-03 2.84684e-04 -2.24939e-06 -2.34314e-04 -2.24939e-06 6.01725e-02
2.08990e+00 1.53880e+02 6.09920e-04 2.57420e+02 6.73200e-01 1.35090e-06 -6.41860e-04 1.35050e-05 5.11570e-07 -1.78270e-05 9.41740e-06 9.65378e-01 -2.33861e-02 -9.65989e-04 -2.33861e-02 4.27110e-03 -7.21297e-06 -9.65989e-04 -7.21297e-06 2.00200e-01
2.33350e+00 1.16330e+02 5.80790e-04 1.78710e+02 1.60190e+00 2.43150e-06 -6.24280e-04 4.91120e-06 6.65230e-07 -5.28390e-05 1.17530e-05 2.34325e+00 -9.57994e-02 -2.36443e-03 -9.57994e-02 2.21257e-02 4.49135e-05 -2.36443e-03 4.49135e-05 3.83631e-01
2.46080e+00 9.23830e+01 4.99900e-04 1.35400e+02 1.81450e+00 3.15830e-06 -5.48690e-04 -1.45410e-06 7.74200e-07 -6.11830e-05 1.36910e-05 3.20392e+00 -1.69834e-01 -3.15432e-03 -1.69834e-01 4.74246e-02 1.50457e-04 -3.15432e-03 1.50457e-04 5.05631e-01
2.53330e+00 7.58570e+01 3.85860e-04 1.08170e+02 1.73760e+00 3.39110e-06 -4.40600e-04 -6.01800e-06 8.46380e-07 -5.93620e-05 1.53960e-05 3.73736e+00 -2.46093e-01 -2.82041e-03 -2.46093e-01 8.53191e-02 2.79362e-04 -2.82041e-03 2.79362e-04 6.19549e-01
2.57690e+00 6.38280e+01 2.50630e-04 8.94720e+01 1.55850e+00 3.02330e-06 -3.10830e-04 -9.33720e-06 8.85870e-07 -5.31680e-05 1.69000e-05 3.91830e+00 -3.10875e-01 -7.16051e-04 -3.10875e-01 1.34762e-01 3.96372e-04 -7.16051e-04 3.96372e-04 7.20074e-01
2.60370e+00 5.47250e+01 1.02700e-04 7.58580e+01 1.35430e+00 1.98850e-06 -1.66910e-04 -1.17770e-05 8.94900e-07 -4.50880e-05 1.81820e-05 3.84257e+00 -3.59329e-01 2.62364e-03 -3.59329e-01 1.92378e-01 4.85169e-04 2.62364e-03 4.85169e-04 8.02470e-01
2.62030e+00 4.76270e+01 -5.14270e-05 6.55320e+01 1.15700e+00 2.42820e-07 -1.48990e-05 -1.35700e-05 8.75070e-07 -3.63650e-05 1.91970e-05 3.62237e+00 -3.92736e-01 6.22299e-03 -3.92736e-01 2.53493e-01 5.17802e-04 6.22299e-03 5.17802e-04 8.65006e-01
2.63020e+00 4.19580e+01 -2.06490e-04 5.74560e+01 9.78770e-01 -2.22850e-06 1.40000e-04 -1.48580e-05 8.27920e-07 -2.76800e-05 1.98970e-05 3.48569e+00 -4.04825e-01 8.00637e-03 -4.04825e-01 2.83890e-01 4.98512e-04 8.00637e-03 4.98512e-04 8.89144e-01
2.63550e+00 3.73400e+01 -3.58090e-04 5.09840e+01 8.23430e-01 -5.41770e-06 2.93310e-04 -1.57320e-05 7.55280e-07 -1.94240e-05 2.02310e-05 3.19618e+00 -4.21977e-01 1.09030e-02 -4.21977e-01 3.41816e-01 4.28037e-04 1.09030e-02 4.28037e-04 9.25148e-01
2.63750e+00 3.35130e+01 -5.02440e-04 4.56930e+01 6.90700e-01 -9.29180e-06 4.41070e-04 -1.62490e-05 6.59360e-07 -1.18260e-05 2.01550e-05 3.05375e+00 -4.27833e-01 1.17595e-02 -4.27833e-01 3.68588e-01 4.05381e-04 1.17595e-02 4.05381e-04 9.37879e-01
2.63680e+00 3.02950e+01 -6.36210e-04 4.12940e+01 5.78670e-01 -1.37930e-05 5.79810e-04 -1.64450e-05 5.42800e-07 -5.01670e-06 1.96360e-05 2.78792e+00 -4.35594e-01 1.22800e-02 -4.35594e-01 4.16558e-01 3.87908e-04 1.22800e-02 3.87908e-04 9.54633e-01
2.63390e+00 2.75520e+01 -7.56470e-04 3.75820e+01 4.84830e-01 -1.88430e-05 7.06400e-04 -1.63470e-05 4.08660e-07 9.36120e-07 1.86520e-05 2.66723e+00 -4.37901e-01 1.21501e-02 -4.37901e-01 4.37504e-01 3.83936e-04 1.21501e-02 3.83936e-04 9.59064e-01
2.62900e+00 2.51880e+01 -8.60640e-04 3.44090e+01 4.06590e-01 -2.43340e-05 8.18080e-04 -1.59730e-05 2.60300e-07 6.00930e-06 1.71970e-05 2.45284e+00 -4.40162e-01 1.16857e-02 -4.40162e-01 4.73090e-01 4.24885e-04 1.16857e-02 4.24885e-04 9.61101e-01
2.62240e+00 2.31290e+01 -9.46490e-04 3.16830e+01 3.41530e-01 -3.01430e-05 9.11840e-04 -1.53420e-05 1.01410e-07 1.01860e-05 1.52790e-05 2.35873e+00 -4.40330e-01 1.14637e-02 -4.40330e-01 4.87812e-01 4.62498e-04 1.14637e-02 4.62498e-04 9.59267e-01
2.81170e+00 2.39850e+01 -9.68780e-04 2.94260e+01 1.83230e-04 -3.65510e-05 9.49930e-04 -3.09560e-09 -2.27210e-09 1.20740e-08 6.40580e-07 2.19363e+00 -4.39047e-01 1.07650e-02 -4.39047e-01 5.11589e-01 5.03248e-04 1.07650e-02 5.03248e-04 9.51120e-01
2.79850e+00 2.21980e+01 -1.02400e-03 2.73580e+01 1.86540e-04 -4.22520e-05 1.00540e-03 -2.30950e-09 -2.07230e-09 6.09430e-09 6.39830e-07 2.12162e+00 -4.37784e-01 1.00235e-02 -4.37784e-01 5.20857e-01 5.19839e-04 1.00235e-02 5.19839e-04 9.45212e-01
2.78300e+00 2.05730e+01 -1.05900e-03 2.54940e+01 1.89840e-04 -4.78760e-05 1.04090e-03 -1.82610e-09 -2.00670e-09 1.04140e-09 6.37410e-07 2.05588e+00 -4.36236e-01 9.01468e-03 -4.36236e-01 5.28598e-01 5.13015e-04 9.01468e-03 5.13015e-04 9.38592e-01
2.76530e+00 1.90910e+01 -1.07200e-03 2.38050e+01 1.93130e-04 -5.32360e-05 1.05490e-03 -7.71720e-10 -2.06610e-09 -2.86170e-09 6.33360e-07 1.94150e+00 -4.32671e-01 6.71136e-03 -4.32671e-01 5.39750e-01 3.79918e-04 6.71136e-03 3.79918e-04 9.23773e-01
2.74560e+00 1.77330e+01 -1.06200e-03 2.22700e+01 1.96450e-04 -5.81220e-05 1.04610e-03 -8.89200e-11 -2.21750e-09 -5.70570e-09 6.27770e-07 1.89226e+00 -4.30777e-01 5.72189e-03 -4.30777e-01 5.43417e-01 2.85020e-04 5.72189e-03 2.85020e-04 9.15574e-01
2.72390e+00 1.64860e+01 -1.02840e-03 2.08680e+01 1.99800e-04 -6.23190e-05 1.01430e-03 6.50020e-10 -2.41270e-09 -7.68540e-09 6.20800e-07 1.80711e+00 -4.26545e-01 4.21895e-03 -4.26545e-01 5.47694e-01 1.08144e-04 4.21895e-03 1.08144e-04 8.96987e-01
2.70020e+00 1.53380e+01 -9.71650e-04 1.95840e+01 2.03210e-04 -6.56110e-05 9.59500e-04 9.26280e-10 -2.61760e-09 -8.96670e-09 6.12610e-07 1.76978e+00 -4.24116e-01 3.46389e-03 -4.24116e-01 5.48611e-01 2.19786e-05 3.46389e-03 2.19786e-05 8.87005e-01
2.67460e+00 1.42770e+01 -8.92760e-04 1.84040e+01 2.06700e-04 -6.77940e-05 8.83000e-04 1.06970e-09 -2.80490e-09 -9.66890e-09 6.03410e-07 1.70272e+00 -4.18697e-01 2.92104e-03 -4.18697e-01 5.48408e-01 -2.61294e-04 2.92104e-03 -2.61294e-04 8.67399e-01
2.64710e+00 1.32950e+01 -7.93810e-04 1.73160e+01 2.10300e-04 -6.86910e-05 7.86760e-04 8.50920e-10 -2.95360e-09 -9.87650e-09 5.93420e-07 1.67262e+00 -4.15779e-01 3.02869e-03 -4.15779e-01 5.47287e-01 -3.59696e-04 3.02869e-03 -3.59696e-04 8.57877e-01
2.61760e+00 1.23840e+01 -6.77780e-04 1.63100e+01 2.14030e-04 -6.81660e-05 6.73660e-04 4.79260e-10 -3.04000e-09 -9.66350e-09 5.82860e-07 1.61803e+00 -4.09470e-01 3.29650e-03 -4.09470e-01 5.43519e-01 -2.92949e-04 3.29650e-03 -2.92949e-04 8.38729e-01
2.58610e+00 1.15370e+01 -5.48530e-04 1.53780e+01 2.17910e-04 -6.61410e-05 5.47480e-04 -1.30890e-10 -3.03650e-09 -9.10670e-09 5.71960e-07 1.57011e+00 -4.02646e-01 3.18106e-03 -4.02646e-01 5.38223e-01 -6.20466e-05 3.18106e-03 -6.20466e-05 8.19377e-01
2.55270e+00 1.07480e+01 -4.10760e-04 1.45120e+01 2.21980e-04 -6.26090e-05 4.12770e-04 -8.44320e-10 -2.91360e-09 -8.29650e-09 5.60960e-07 1.54847e+00 -3.99173e-01 2.95872e-03 -3.99173e-01 5.35167e-01 1.01208e-04 2.95872e-03 1.01208e-04 8.09498e-01
2.51740e+00 1.00110e+01 -2.69780e-04 1.37060e+01 2.26270e-04 -5.76480e-05 2.74710e-04 -1.65840e-09 -2.64520e-09 -7.33280e-09 5.50100e-07 1.50869e+00 -3.92196e-01 2.45029e-03 -3.92196e-01 5.28496e-01 5.22487e-04 2.45029e-03 5.22487e-04 7.90300e-01
2.48000e+00 9.32340e+00 -1.31340e-04 1.29530e+01 2.30810e-04 -5.14270e-05 1.38890e-04 -2.46020e-09 -2.21630e-09 -6.31700e-09 5.39620e-07 1.47142e+00 -3.84756e-01 1.94598e-03 -3.84756e-01 5.21621e-01 8.88584e-04 1.94598e-03 8.88584e-04 7.72527e-01
2.44060e+00 8.67920e+00 -1.31030e-06 1.22490e+01 2.35630e-04 -4.42090e-05 1.10260e-05 -3.19240e-09 -1.63030e-09 -5.33870e-09 5.29730e-07 1.45390e+00 -3.80937e-01 1.78415e-03 -3.80937e-01 5.18005e-01 1.08317e-03 1.78415e-03 1.08317e-03 7.63921e-01
2.39910e+00 8.07530e+00 1.14700e-04 1.15880e+01 2.40790e-04 -3.63460e-05 -1.03410e-04 -3.75560e-09 -9.13200e-10 -4.46670e-09 5.20610e-07 1.42003e+00 -3.73334e-01 2.27154e-03 -3.73334e-01 5.10265e-01 1.45257e-03 2.27154e-03 1.45257e-03 7.46708e-01
2.35550e+00 7.50830e+00 2.11700e-04 1.09680e+01 2.46310e-04 -2.82610e-05 -1.99550e-04 -4.08750e-09 -1.12850e-10 -3.74680e-09 5.12410e-07 1.38607e+00 -3.65619e-01 3.52108e-03 -3.65619e-01 5.01816e-01 1.66315e-03 3.52108e-03 1.66315e-03 7.28273e-01
2.30970e+00 6.97520e+00 2.85740e-04 1.03830e+01 2.52250e-04 -2.04210e-05 -2.73490e-04 -4.13040e-09 7.07920e-10 -3.21040e-09 5.05180e-07 1.35225e+00 -3.57705e-01 4.26860e-03 -3.57705e-01 4.93042e-01 1.83497e-03 4.26860e-03 1.83497e-03 7.09788e-01
2.26170e+00 6.47330e+00 3.34260e-04 9.83150e+00 2.58640e-04 -1.33070e-05 -3.22710e-04 -3.86520e-09 1.48280e-09 -2.89200e-09 4.98910e-07 1.31859e+00 -3.49343e-01 4.72800e-03 -3.49343e-01 4.84013e-01 1.77610e-03 4.72800e-03 1.77610e-03 6.92321e-01
2.21140e+00 6.00020e+00 3.56420e-04 9.30890e+00 2.65540e-04 -7.36470e-06 -3.46300e-04 -3.29570e-09 2.15420e-09 -2.84460e-09 4.93470e-07 1.28544e+00 -3.40671e-01 4.94290e-03 -3.40671e-01 4.74923e-01 1.74447e-03 4.94290e-03 1.74447e-03 6.73937e-01
2.15870e+00 5.55370e+00 3.53240e-04 8.81250e+00 2.73000e-04 -2.96490e-06 -3.45170e-04 -2.45420e-09 2.68130e-09 -3.14160e-09 4.88640e-07 1.25158e+00 -3.31845e-01 4.87980e-03 -3.31845e-01 4.65731e-01 1.92276e-03 4.87980e-03 1.92276e-03 6.55706e-01
2.10380e+00 5.13190e+00 3.27630e-04 8.33970e+00 2.81060e-04 -3.53060e-07 -3.22030e-04 -1.38680e-09 3.03810e-09 -3.85280e-09 4.84090e-07 1.21720e+00 -3.22969e-01 4.91840e-03 -3.22969e-01 4.56417e-01 2.21665e-03 4.91840e-03 2.21665e-03 6.38188e-01
2.04640e+00 4.73300e+00 2.84210e-04 7.88760e+00 2.89780e-04 3.84990e-07 -2.81290e-04 -1.50710e-10 3.20200e-09 -4.99550e-09 4.79380e-07 1.18257e+00 -3.13955e-01 3.82057e-03 -3.13955e-01 4.47027e-01 2.53961e-03 3.82057e-03 2.53961e-03 6.20466e-01
1.98660e+00 4.35550e+00 2.28960e-04 7.45370e+00 2.99200e-04 -6.53670e-07 -2.28650e-04 1.18940e-09 3.13790e-09 -6.47810e-09 4.74060e-07 1.14677e+00 -3.04779e-01 1.69111e-03 -3.04779e-01 4.37590e-01 2.79846e-03 1.69111e-03 2.79846e-03 6.01878e-01
1.92440e+00 3.99810e+00 1.68600e-04 7.03540e+00 3.09380e-04 -3.18740e-06 -1.70590e-04 2.54300e-09 2.78790e-09 -8.06640e-09 4.67690e-07 1.10868e+00 -2.95470e-01 7.05866e-04 -2.95470e-01 4.27818e-01 2.77952e-03 7.05866e-04 2.77952e-03 5.82832e-01
1.85980e+00 3.65950e+00 1.09960e-04 6.63020e+00 3.20350e-04 -6.77300e-06 -1.13720e-04 3.76890e-09 2.07990e-09 -9.40670e-09 4.59930e-07 1.05093e+00 -2.81303e-01 1.33968e-03 -2.81303e-01 4.11649e-01 3.04326e-03 1.33968e-03 3.04326e-03 5.55690e-01
1.79300e+00 3.33890e+00 5.92140e-05 6.23550e+00 3.32170e-04 -1.08540e-05 -6.40730e-05 4.62630e-09 9.65050e-10 -1.01140e-08 4.50710e-07 1.01141e+00 -2.71556e-01 3.04152e-03 -2.71556e-01 4.00288e-01 3.23061e-03 3.04152e-03 3.23061e-03 5.38477e-01
1.72400e+00 3.03540e+00 2.11710e-05 5.84880e+00 3.44850e-04 -1.48290e-05 -2.63980e-05 4.82880e-09 -5.14280e-10 -9.90320e-09 4.40220e-07 9.70726e-01 -2.61590e-01 4.85251e-03 -2.61590e-01 3.88601e-01 3.35166e-03 4.85251e-03 3.35166e-03 5.21010e-01
1.65300e+00 2.74850e+00 -1.25200e-06 5.46740e+00 3.58410e-04 -1.81340e-05 -3.65650e-06 4.12650e-09 -2.16670e-09 -8.72770e-09 4.28890e-07 9.08903e-01 -2.46272e-01 7.13912e-03 -2.46272e-01 3.70630e-01 3.51757e-03 7.13912e-03 3.51757e-03 4.93674e-01
1.58040e+00 2.47780e+00 -7.32270e-06 5.08850e+00 3.72850e-04 -2.03260e-05 3.28820e-06 2.35200e-09 -3.66740e-09 -6.80710e-09 4.17290e-07 8.68418e-01 -2.35710e-01 7.86327e-03 -2.35710e-01 3.58418e-01 3.46950e-03 7.86327e-03 3.46950e-03 4.74989e-01
1.50640e+00 2.22320e+00 1.53630e-06 4.77270e+00 5.17510e-04 -2.11440e-05 -1.94770e-06 -2.17300e-09 -4.63390e-09 -5.00820e-09 4.07150e-07 8.08378e-01 -2.19546e-01 7.43092e-03 -2.19546e-01 3.40085e-01 3.14959e-03 7.43092e-03 3.14959e-03 4.47057e-01
1.43170e+00 1.98490e+00 2.21060e-05 4.32690e+00 1.21350e-03 -2.05390e-05 -2.35620e-05 -1.05530e-08 -6.69070e-09 -1.52960e-08 4.00330e-07 7.49458e-01 -2.02996e-01 6.63904e-03 -2.02996e-01 3.22287e-01 3.19078e-03 6.63904e-03 3.19078e-03 4.19884e-01
1.35690e+00 1.76320e+00 5.00350e-05 3.93840e+00 1.26340e-03 -1.86990e-05 -5.02200e-05 -1.35570e-08 -5.62190e-09 -1.32480e-08 3.88290e-07 6.93441e-01 -1.86415e-01 6.85751e-03 -1.86415e-01 3.05456e-01 3.11913e-03 6.85751e-03 3.11913e-03 3.93647e-01
1.28300e+00 1.55900e+00 8.06080e-05 3.54100e+00 1.31460e-03 -1.59590e-05 -7.97880e-05 -1.55940e-08 -3.92120e-09 -1.16820e-08 3.76530e-07 6.39664e-01 -1.69752e-01 7.86327e-03 -1.69752e-01 2.89990e-01 2.44296e-03 7.86327e-03 2.44296e-03 3.65272e-01
1.21120e+00 1.37300e+00 1.09590e-04 3.13290e+00 1.36590e-03 -1.27540e-05 -1.08140e-04 -1.61420e-08 -2.35610e-09 -1.02180e-08 3.65630e-07 5.89351e-01 -1.52535e-01 8.03336e-03 -1.52535e-01 2.75446e-01 1.92582e-03 8.03336e-03 1.92582e-03 3.36867e-01
1.14270e+00 1.20660e+00 1.33900e-04 2.71280e+00 1.41620e-03 -9.52110e-06 -1.32210e-04 -1.50320e-08 -1.70420e-09 -8.61320e-09 3.56060e-07 5.43111e-01 -1.34940e-01 9.11195e-03 -1.34940e-01 2.61416e-01 1.35999e-03 9.11195e-03 1.35999e-03 3.09113e-01
1.07940e+00 1.06120e+00 1.51930e-04 2.28090e+00 1.46380e-03 -6.61460e-06 -1.50320e-04 -1.24920e-08 -1.83150e-09 -7.04760e-09 3.48030e-07 4.98349e-01 -1.17646e-01 9.67263e-03 -1.17646e-01 2.47733e-01 1.11235e-03 9.67263e-03 1.11235e-03 2.84414e-01
1.01430e+00 9.27140e-01 1.62240e-04 1.61470e+00 2.50780e-02 -4.19530e-06 -1.66680e-04 -5.43140e-07 1.97600e-07 -8.65060e-07 9.33490e-07 4.54594e-01 -1.00154e-01 7.97174e-03 -1.00154e-01 2.34702e-01 1.01539e-03 7.97174e-03 1.01539e-03 2.62649e-01
9.67020e-01 8.28880e-01 1.69000e-04 1.35050e+00 2.41410e-02 -2.45200e-06 -1.68980e-04 -4.65820e-07 1.89450e-07 -7.43640e-07 7.21810e-07 4.01571e-01 -7.65907e-02 5.42042e-03 -7.65907e-02 2.19368e-01 6.90131e-04 5.42042e-03 6.90131e-04 2.38149e-01
9.36160e-01 7.63170e-01 1.72280e-04 9.35030e-01 2.31920e-02 -1.28700e-06 -1.71630e-04 -1.05880e-07 2.27670e-08 -6.30570e-08 2.49190e-07 3.55805e-01 -5.29820e-02 3.90215e-03 -5.29820e-02 2.07660e-01 6.09466e-04 3.90215e-03 6.09466e-04 2.18512e-01
9.12590e-01 7.17060e-01 1.72870e-04 4.71210e-01 2.31520e-02 -5.37520e-07 -1.72470e-04 -5.62620e-08 2.13090e-08 -3.04690e-08 2.43270e-07 3.29345e-01 -3.54675e-02 3.46288e-03 -3.54675e-02 2.02191e-01 5.41533e-04 3.46288e-03 5.41533e-04 2.07956e-01
9.03440e-01 7.00050e-01 1.72430e-04 -1.58020e-01 2.42880e-02 -1.68890e-09 -1.72510e-04 -3.52100e-10 3.72950e-08 1.34360e-08 1.97860e-07 3.08089e-01 -1.17829e-02 2.62257e-03 -1.17829e-02 1.99151e-01 1.45965e-04 2.62257e-03 1.45965e-04 2.01544e-01
9.04560e-01 7.01280e-01 1.72470e-04 -1.58050e-01 2.27940e-02 -5.08520e-10 -1.72620e-04 -8.67440e-10 1.17160e-08 8.98560e-09 2.53220e-07 3.05497e-01 0.00000e+00 2.27597e-03 0.00000e+00 1.98891e-01 0.00000e+00 2.27597e-03 0.00000e+00 2.00949e-01
